231420436343291904
231420441934299137
231420519633805313
231420536109031424
231420684683837442
231420802174709761
231420826199678976
231421166408044544
231421176902213632
231421258053591040
231421263225184257
231421329189003265
231421360197468162
231421459984166912
231421597314084864
231421702779854849
231421721205428224
231421755510640640
231421821164089344
231421875010551808
231421930622840832
231422623807053824
231422703922462720
231422816308826112
231422945879285760
231422991404257280
231423072803098624
231423074157858816
231423103098568704
231423200402235393
231423259315412992
231423375384395776
231423432162672640
231423763131035649
231423811780751360
231423957566357504
231424037631451136
231424091444371456
231424160373563392
231424195421171712
231424494374371328
231424502712631297
231424564691890176
231424600616091648
231424630450180096
231424687169753089
231424840979062785
231424920171708416
231424971455479808
231425221297569793
231425541847261187
231425698349334528
231425851772788736
231425984656723970
231426031024758784
231426108124454912
231426136490520577
231426339545169920
231426699101863938
231426703573000192
231426753212588032
231426787538776064
231426844308692992
231426904937332737
231426955176714240
231427025250947072
231427027092271104
231427396425904128
231427475178139648
231427681730846720
231427724680495105
231427825612238848
231427865957244928
231427947804913664
231427987768221696
231428380019527682
231428537230446592
231428544490795008
231428705719816194
231428798980165633
231428845356601344
231429031227187200
231429107903234048
231429208734330880
231429230603427840
231429255635013632
231429293488623616
231429294075826176
231429342775881729
231429532454903808
231429608388587520
231429865470062593
231430059360149506
231430071934656512
231430103077380096
231430215275016193
231430489163059201
231430530581815296
231430653261017088
231430660458418177
231430754285010945
231430816268419072
231430976738316289
231431248852160512
231431641841688576
231431646732238848
231431695570714626
231431734175096834
231431779901382657
231431780002062336
231431819831152640
231431942975930368
231432210178260992
231432541784117249
231432598293999617
231432668213043200
231432792834203648
231432836983443456
231433012993216512
231433029963378688
231433105578262528
231433114872844288
231433167477805056
231433175073714176
231433464333881344
231433572152639491
231433660686036992
231433885609758720
231433917247410176
231434167563476992
231434249423683584
231434277429075968
231434432609914880
231434470329315329
231434561635106816
231434639120662529
231434680384225280
231434897699504128
231434936589115393
231434967966695424
231435145708707840
231435936221765634
231435970405363714
231436090857365506
231436129298157569
231436180628062210
231436294792818688
231436437051043840
231436515853627392
231436661811195904
231436758590562304
231436805273169920
231436958549811200
231437069103284224
231437249198305280
231437329351462914
231437558213644288
231437561694928896
231437598470590464
231437749637492736
231437913429250048
231438029603106816
231438072607297536
231438181214593024
231438373246599168
231438385917612032
231438628205785088
231438798104440832
231438856161992704
231439044343644160
231439286581485568
231439494442807296
231439494677671936
231439627909742592
231440271559237632
231440446096822272
231440889157926912
231441045236375552
231441081605185536
231441117869133824
231441292872261632
231441345141686272
231441656656822272
231441734108868608
231441961205243906
231442041341632513
231442057833627649
231442098736463873
231442169347600384
231442631975133185
231442709053853697
231442818697134080
231442831867265024
231442861151907840
231442905456340993
231443034317930497
231443055885053952
231443183584825344
231443206129201152
231443232297463810
231443307039965184
231443342087553024
231443357291933696
231443406969257985
231443411176148992
231443582559592448
231443685311651840
231443776600698880
231443849866801154
231443872918667264
231443930003173376
231444014505807873
231444234648043520
231444320622882818
231444453984972801
231444599456030720
231444662504796160
231444701037883393
231444753768673280
231444837013000192
231444918940356608
231445032324980737
231445355575783425
231445383824416768
231445541526073344
231445658551336961
231446339077160960
231446374976208896
231446464390373376
231446468274319360
231446469763289090
231446506509578240
231446573266108416
231446707894898688
231446997243146240
231447123898535937
231447344430862336
231447492854706176
231447631614844929
231447651793645569
231447729258254336
231447830911385602
231448027372601345
231448154090897408
231448349226696705
231448428436148224
231448628298936320
231448768170565632
231448796406628352
231448945740636160
231448993773785088
231449277904322560
231449453922508801
231449692569997312
231449745443397632
231450013270700032
231450029511028736
231450067444301825
231450134377013248
231450223589867521
231450580055388160
231450966178803713
231451079739596800
231451349886312448
231451457067556864
231451605449449472
231451653658791937
231451873708748801
231451900682321920
231451952087703552
231451992554360832
231452182703124481
231452301024456704
231452400421056514
231452514631950338
231452516812992513
231452571146022912
231452606004867073
231452865590349824
231453108604137473
231453147678257152
231453206285254656
231453241282547713
231453633605152768
231453702974754816
231453714110623745
231453738836049920
231453781424996352
231453852577177601
231453943421624321
231454032454115331
231454182207541248
231454475905286144
231454529479127040
231454561515212800
231454639814488065
231454721523724288
231454794638831617
231455011543056384
231455045831495681
231455063829262336
231455558870384641
231455899095556096
231455989029806080
231456524373991424
231456536587804672
231456779807121409
231456793497321473
231456842302246915
231456926599376897
231456988813459456
231457030727151618
231457210255949824
231457214039203840
231457232502521856
231457350270197761
231457408638148608
231457433074167808
231457566079721472
231457664662634496
231457835597303808
231457967764029440
231458031626506241
231458059308908545
231458272819965952
231458298661056512
231458371029573633
231458718712205314
231458908529623040
231459041216438272
231459048527126528
231459105217335296
231459339343364097
231459673201594369
231459878097526784
231460706246070272
231461515658661889
231462138860937216
231462369321181184
231462380314456064
231462381371400192
231462593708040192
231462630852808705
231462718614413313
231462968288751616
231463023229947904
231463062140493824
231463331293171712
231463468476272640
231463700802981889
231463754431356928
231463914095902721
231463924111904770
231463988611915776
231464062393913344
231464070690250752
231464092437729280
231464133864857600
231464197207240704
231464327922741248
231464335464095744
231464355152142336
231464411850743809
231464478724739072
231464480754782209
231464574027722752
231464590771384320
231464599852032000
231464630025846784
231464668345020416
231464701140275200
231464701287096321
231464768345616384
231464793255591937
231464794748760064
231464930484830208
231464942203707392
231464965641490433
231465015192981504
231465038047756289
231465061703614465
231465078791217153
231465111204814848
231465152795516928
231465167471403009
231465203022319616
231465270252822529
231465286233116673
231465303157121024
231465307263361024
231465375777300480
231465442697428992
231465491594625024
231465495390482432
231465516575883264
231465534099689472
231465541804638208
231465580480303104
231465581839253504
231465706150043649
231465728996429824
231465959662186496
231466001739427840
231466184531394562
231466300977864704
231466376131391488
231466471098826753
231466545656782848
231466588988129280
231466597854879745
231466875744288769
231466932132536320
231466982258638848
231466997706276864
231467069449838592
231467086805880832
231467136701313024
231467160713699328
231467217441652737
231467228715970560
231467299113144320
231467612285042688
231467616462573568
231467675614846976
231467813439684608
231467872797474816
231467989105520641
231468006486712320
231468112615198720
231468258698620929
231468365452042240
231468384552898560
231468465226141696
231468494946983936
231468524122562560
231468699570286592
231468755320975360
231468823138664448
231469365885812736
231469381564129280
231469387251585024
231469496278343681
231469547121696769
231469602134192128
231469742567874560
231469781985931265
231469844753690626
231470064912711680
231470197935067136
231470245842395136
231470279627526145
231470496305270786
231470649745477632
231470657429463040
231470761775341568
231470782075772928
231470828334764033
231470893984002049
231470904255868928
231471022145163264
231471144526561281
231471338160799745
231471354459865088
231471686439030784
231471725525749760
231471789639864321
231471896397508608
231472005780762625
231472080187695104
231472132658438146
231472205689663490
231472342092615680
231472437886320641
231472454026027008
231472566349484034
231472595692826625
231472758930956288
231472937759297536
231472946152091649
231473000225062912
231473016830312449
231473020307374080
231473476114989056
231473547309096960
231473616775180289
231473695154122752
231473731770396672
231473946652983297
231474115847020544
231474179139047424
231474205110185984
231474366200832001
231474367920484352
231474429291548672
231474544395821056
231474568290783232
231474756061364224
231474766249336832
231474845458767872
231474860650553344
231474997145784321
231475060987285504
231475140733571072
231475182504669184
231475511333904385
231475791802806273
231476014784602112
231476468952211456
231476480482361344
231476838252294144
231476864269561856
231476993793875968
231477004619378688
231477249096949760
231477297633439744
231477652911976450
231477707236573184
231477806985515008
231478051299540992
231478250466070529
231478454195986432
231478507623051265
231478615634759680
231478724363710466
231478904001531904
231479139960508416
231479182566232064
231479414318317569
231479594262351872
231479597366120448
231479724860383234
231479725766344704
231479735019003904
231479762516856833
231479791025537024
231479813565726720
231479817407717378
231479844402249728
231479901755174912
231480106948898817
231480119825420288
231480263597768704
231480436038193152
231480537997508608
231480625893371904
231480833029066753
231480840465567745
231480987790495744
231481092165734402
231481161082355713
231481237171216385
231481365948940288
231481418126094338
231481551706288128
231481565371322368
231481610325860352
231481624305475584
231481683856216064
231481738503782400
231481740965838848
231481831202119680
231481933752836096
231481937678700544
231481955626135552
231481978883567616
231482013683699712
231482070038355968
231482114019819520
231482184458977282
231482459601137664
231482473232625664
231482670020956161
231482717626314752
231482885008412678
231482972577079296
231483011370196993
231483176411877376
231483251640918016
231483329826922496
231483377801379840
231483550145339392
231483606852313088
231483666331742210
231483723881799682
231483773500403712
231483847752163329
231484008083623936
231484336027885568
231484369360007168
231484392869089280
231484395725393921
231484428562616320
231484451610312704
231484551808032769
231484589250592768
231484615410462720
231484731819192320
231484782427660289
231484845119905794
231484898932842496
231484931023458304
231484999533219841
231485044168998914
231485165157904385
231485228076654592
231485288772403200
231485301581807616
231485436424511490
231485538794889217
231485650715701248
231485655933390849
231485746693959680
231485800888541185
231486011736211456
231486016672915456
231486032649011200
231486407938543616
231486442336047104
231486479493386240
231486611081289728
231486633793441793
231486997305364480
231487133632851969
231487351640166401
231487401418166272
231487498264657920
231487511267000321
231487595757060096
231487807267418113
231487846941343744
231487919515377664
231487935009136641
231487949655666688
231488062771843073
231488271065174016
231488473280942080
231488605384761344
231488752613203968
231488815905263617
231488968145895425
231488968661803008
231489012269993984
231489019551297536
231489226485690368
231489244475039744
231489310220754945
231489387601473536
231489405582446592
231489503737552899
231489603994017792
231489641881149440
231489686009425921
231490012334678016
231490031842390016
231490043305418752
231490198536609792
231490552892379137
231490585079463936
231490701685293056
231490746585337856
231491027779850241
231491141047050240
231491204821434368
231491358630748160
231491680304508928
231491708058206210
231491715545055234
231492260712288258
231492267830038528
231492395903111168
231492682713817088
231492866411753472
231493116912349184
231493169114664961
231493189255708672
231493268620337152
231493450606993408
231493571193221120
231493708988678144
231493743365201923
231493870691684353
231494120793837569
231494184874438656
231494194550685696
231494259696611328
231494297982222337
231494321310924801
231494382929457152
231494648315654144
231494765273812992
231495076021420032
231495230346649602
231495302627090432
231495411515404288
231495416959610880
231495490255089664
231495662481584128
231495793226424320
231495810897039360
231495841523830785
231495907177291776
231495915398119424
231496056641302529
231496071682072578
231496109502128128
231496157505925120
231496279702777856
231496623988035585
231496641616683009
231496902980550656
231496940771217408
231497188415524864
231497195814273025
231497230215954432
231497236905852929
231497249048379393
231497250700926976
231497293520576514
231497466594328576
231497476824236032
231497490619318272
231497498424922112
231497716881051648
231497767091064833
231497793510989825
231497802511953921
231497945852293120
231498086000766976
231498097916776448
231498186387255297
231498232524595200
231498280981389313
231498315093643265
231498362824818690
231498443456139265
231498629452558337
231498895249784833
231499011729797122
231499109582901248
231499210103590912
231499433316085760
231499659389054977
231499787403395072
231499990793609216
231499994849497088
231500038650605568
231500062793027584
231500120791871488
231500186571141120
231500216522657792
231500316007337984
231500520077000704
231500546702450688
231500566457626625
231500980812926977
231500993714601986
231501053747683329
231501249332269057
231501308778119168
231501433546108928
231501453913620481
231501607643250688
231501898262380544
231501998497878016
231502054923841536
231502086355972096
231502216819793920
231502301213380608
231502504284807170
231502621926645762
231503190569390080
231503432652029953
231503541427109888
231503586994044928
231503637564764160
231503670880137216
231503930184589312
231504008471257089
231504066671419393
231504113840566272
231504168051961856
231504185458298880
231504195310739457
231504227174846464
231504294782853120
231504344816705537
231504537758875648
231504609099796480
231504790004322304
231505075460259840
231505226794938368
231505301394817025
231505352594714624
231505412858466304
231505515413385217
231505654148390913
231505728555323394
231505805793452032
231505877977415681
231506206244605952
231506267930247168
231506289224716289
231506293398069248
231506706700591104
231507009600638976
231507081847504896
231507267676168192
231507274303164416
231507302379819008
231507341412020225
231507579338121216
231507706563936256
231507806707138560
231507887745273856
231507998403620866
231508086140071936
231508322858201088
231508545558966272
231508667701284864
231508929585246208
231509036598702080
231509711139258368
231509726482010112
231509748271431680
231509874725515265
231510004082016257
231510328058462210
231510380663406593
231510525387894784
231510839390257152
231510886643286016
231511258040508416
231511367956439040
231511408750260224
231511584898437122
231511588002217985
231511817388703744
231512054413021186
231512180103729152
231512279882027008
231512356876853248
231512653820997632
231512726181138432
231512902761336833
231512948676366337
231513135192883200
231513252071370752
231513418790756352
231513440395608066
231513486956584961
231513533861486592
231513551100063744
231513635413970944
231513804188561408
231513873335869440
231513955368062977
231514132191514624
231514288622272513
231514311007289344
231514675957870593
231514847370702848
231515035044831233
231515180876570628
231515567251652608
231515634519928833
231516001240506368
231516048376090624
231516076515659777
231516385086427138
231516440400891904
231516690880548865
231516773483155456
231516794186235904
231516997467398144
231517114966630400
231517466738688000
231517599039627266
231517658535845889
231517774575443968
231517927432663040
231518098757390336
231518274351931393
231518935860797440
231519032329764865
231519313645944832
231519414267301888
231519504067338240
231519575974506496
231519617732997120
231519779280797698
231519913716625408
231520607148314624
231520689247617024
231521094383828992
231521721105141761
231521980019531777
231522090740744192
231522498397753344
231522868607983616
231523052171694080
231523262159527936
231523340446220289
231523441247932417
231523503789191168
231523727039397888
231523796367069184
231523967544987648
231524052349644801
231524154766131200
231524290523176960
231524491891732480
231525098841055234
231525111411380224
231525230466711552
231525409349586945
231526368503029761
231526858934599680
231527018473324545
231527245104152576
231527322363252737
231527435869507584
231527495575416833
231527824840867840
231527998384377856
231528007389556736
231528166794088449
231528948692054017
231529478386499584
231529896843808769
231530057217232897
231531022423035904
231531500552744963
231531535436742656
231531768946237441
231531789389266944
231531890560086017
231531943626407937
231532095909019649
231532274972233729
231532303971647488
231533013895348227
231533603715174402
231533906095140864
231534453586006016
231534636289900545
231534850094542848
231535182040150017
231535189501812737
231536279400103936
231536850093891584
231537562265722880
231538249640849408
231538274018156545
231538879751139328
231539388214034432
231539576945123328
231539950896697345
231540055724929025
231540136364630017
231540181189148672
231540462035537920
231540672287608832
231540679279513601
231540707012259840
231540837320896512
231540848314159104
231541223456927744
231541287717851136
231541368584028160
231541442458316801
231541585190465536
231541593012842496
231541843635085312
231542605975019520
231542657921449984
231542693354946560
231542946858672128
231543412225089536
231543813619990528
231543930381029376
231543978124791808
231543983665471488
231544272451694592
231544550244622336
231544558893297664
231545136323125248
231545255126761472
231545917579341824
231545928203505665
231546383147081728
231546663108505602
231546883477225472
231546997570691073
231547166198468609
231547516024414209
231547654776176640
231547766093012992
231547881268604928
231548031244316672
231548444832063489
